world: 8d897fc4-489d-452d-8dd1-f3c53a5aef5d
world-name: nasu vally
x: 13.392962293880583
y: 73.0
z: -466.60834176059086
yaw: -89.36639404296875
pitch: 82.6500015258789
name: farmland
lastowner: 99cd88bd-5901-3c4f-b1f7-a4325c04aef0
