world: 8d897fc4-489d-452d-8dd1-f3c53a5aef5d
world-name: nasu vally
x: 589.4331407571702
y: 68.0
z: -556.3183245219017
yaw: 0.6334907412528992
pitch: 84.29997253417969
name: market
lastowner: 99cd88bd-5901-3c4f-b1f7-a4325c04aef0
