world: 8d897fc4-489d-452d-8dd1-f3c53a5aef5d
world-name: nasu vally
x: -90.45826937474686
y: 64.0
z: 127.4497667577592
yaw: -38.06640625
pitch: 59.099979400634766
name: spawn
lastowner: dd485c7f-1fa8-31e8-94f9-227dca9720c3
